0 0
1000 0
2000 0
3000 0
4000 9746
5000 0
6000 0
7000 0
8000 0
9000 0
10000 0
11000 0
12000 0
13000 0
14000 15624
15000 0
16000 4968
17000 3243
18000 0
19000 0
20000 0
21000 0
22000 17170
23000 3986
24000 2514
25000 6755
26000 4955
27000 5019
28000 3037
29000 0
30000 0
31000 15729
32000 0
33000 0
34000 20854
35000 5985
36000 5984
37000 2074
38000 0
39000 15655
40000 0
41000 15623
42000 0
43000 17671
44000 0
45000 15656
46000 0
47000 17668
48000 10146
49000 10157
50000 10208
51000 10209
52000 10215
53000 10163
54000 10220
55000 10162
56000 10213
57000 10189
58000 10075
59000 10116
60000 10112
61000 12119
62000 10096
63000 10077
64000 10108
65000 10082
66000 12110
67000 10108
68000 10075
69000 18141
70000 12160
71000 10086
72000 18175
73000 12174
74000 10085
75000 18236
76000 14525
77000 15527
78000 7295
79000 26916
80000 19919
81000 16979
82000 16979
83000 17183
84000 18046
85000 17517
86000 17953
87000 16988
88000 16954
89000 17984
90000 17953
91000 17955
92000 17922
93000 17952
94000 18978
95000 18949
96000 18950
97000 18951
98000 19915
99000 19947
